1 1
2 2
3 4
4 6
5 12
6 24
7 36
8 48
9 60
10 120
11 180
12 240
13 360
14 720
15 840
16 1260
17 1680
18 2520
19 5040
20 7560
21 10080
22 15120
23 20160
24 25200
25 27720
26 45360
27 50400
28 55440
29 83160
30 110880
31 166320
32 221760
33 277200
34 332640
35 498960
36 554400
37 665280
38 720720
39 1081080
40 1441440
41 2162160
42 2882880
43 3603600
44 4324320
45 6486480
46 7207200
47 8648640
48 10810800
49 14414400
50 17297280
51 21621600
52 32432400
53 36756720
54 43243200
55 61261200
56 73513440
57 110270160
58 122522400
59 147026880
60 183783600
61 245044800
62 294053760
63 367567200
64 551350800
65 698377680
66 735134400
67 1102701600
68 1396755360
69 2095133040
70 2205403200
71 2327925600
72 2793510720
73 3491888400
74 4655851200
75 5587021440
76 6983776800
77 10475665200
78 13967553600
79 20951330400
80 27935107200
81 41902660800
82 48886437600
83 64250746560
84 73329656400
85 80313433200
86 97772875200
87 128501493120
88 146659312800
89 160626866400
90 240940299600
91 293318625600
92 321253732800
93 481880599200
94 642507465600
95 963761198400
96 1124388064800
97 1606268664000
98 1686582097200
99 1927522396800
100 2248776129600
101 3212537328000
102 3373164194400
103 4497552259200
104 6746328388800
105 8995104518400
106 9316358251200
107 13492656777600
108 18632716502400
109 26985313555200
110 27949074753600
111 32607253879200
112 46581791256000
113 48910880818800
114 55898149507200
115 65214507758400
116 93163582512000
117 97821761637600
118 130429015516800
119 195643523275200
120 260858031033600
121 288807105787200
122 391287046550400
123 577614211574400
124 782574093100800
125 866421317361600
126 1010824870255200
127 1444035528936000
128 1516237305382800
129 1732842634723200
130 2021649740510400
131 2888071057872000
132 3032474610765600
133 4043299481020800
134 6064949221531200
135 8086598962041600
136 10108248702552000
137 12129898443062400
138 18194847664593600
139 20216497405104000
140 24259796886124800
141 30324746107656000
142 36389695329187200
143 48519593772249600
144 60649492215312000
145 72779390658374400
146 74801040398884800
147 106858629141264000
148 112201560598327200
149 149602080797769600
150 224403121196654400
151 299204161595539200
152 374005201994424000
153 448806242393308800
154 673209363589963200
155 748010403988848000
156 897612484786617600
157 1122015605983272000
158 1346418727179926400
159 1795224969573235200
160 2244031211966544000
161 2692837454359852800
162 3066842656354276800
163 4381203794791824000
164 4488062423933088000
165 6133685312708553600
166 8976124847866176000
167 9200527969062830400
168 12267370625417107200
169 15334213281771384000
170 18401055938125660800
171 27601583907188491200
172 30668426563542768000
173 36802111876251321600
174 46002639845314152000
175 55203167814376982400
176 73604223752502643200
177 92005279690628304000
178 110406335628753964800
179 131874234223233902400
180 184010559381256608000
181 263748468446467804800
182 368021118762513216000
183 395622702669701707200
184 527496936892935609600
185 659371171116169512000
186 791245405339403414400
187 1186868108009105121600
188 1318742342232339024000
189 1582490810678806828800
190 1978113513348508536000
191 2373736216018210243200
192 3164981621357613657600
193 3956227026697017072000
194 4747472432036420486400
195 5934340540045525608000
196 7912454053394034144000
197 11868681080091051216000
198 15824908106788068288000
199 17407398917466875116800
200 18594267025475980238400
201 23737362160182102432000
202 30990445042459967064000
203 34814797834933750233600
204 37188534050951960476800
205 52222196752400625350400
206 55782801076427940715200
207 61980890084919934128000
208 74377068101903920953600
209 92971335127379901192000
210 111565602152855881430400
211 148754136203807841907200
212 185942670254759802384000
213 223131204305711762860800
214 278914005382139703576000
215 371885340509519604768000
216 557828010764279407152000
217 743770681019039209536000
218 818147749120943130489600
219 985496152350226952635200
220 1115656021528558814304000
221 1487541362038078419072000
222 1636295498241886260979200
223 1970992304700453905270400
224 2454443247362829391468800
225 2956488457050680857905600
226 3284987174500756508784000
227 3941984609400907810540800
228 4927480761751134763176000
229 5912976914101361715811200
230 7883969218801815621081600
231 9854961523502269526352000
232 11825953828202723431622400
233 14782442285253404289528000
234 19709923047004539052704000
235 29564884570506808579056000
236 39419846094009078105408000
237 43361830703409985915948800
238 54202288379262482394936000
239 59129769141013617158112000
240 78839692188018156210816000
241 86723661406819971831897600
242 108404576758524964789872000
243 130085492110229957747846400
244 162606865137787447184808000
245 193814243295544634018256000
246 216809153517049929579744000
247 290721364943316951027384000
248 325213730275574894369616000
249 433618307034099859159488000
250 563703799144329816907334400
251 581442729886633902054768000
252 650427460551149788739232000
253 867236614068199718318976000
254 872164094829950853082152000
255 1084045767585249647898720000
256 1162885459773267804109536000
257 1691111397432989450722003200
258 1744328189659901706164304000
259 2325770919546535608219072000
260 2558348011501189169040979200
261 3197935014376486461301224000
262 3488656379319803412328608000
263 4651541839093071216438144000
264 5116696023002378338081958400
265 6395870028752972922602448000
266 7675044034503567507122937600
267 9593805043129459383903672000
268 11822668841028222675113616000
269 12791740057505945845204896000
270 17734003261542334012670424000
271 19187610086258918767807344000
272 25583480115011891690409792000
273 33258524149515459197532729600
274 35468006523084668025340848000
275 38375220172517837535614688000
276 51166960230023783380819584000
277 53202009784627002038011272000
278 63958700287529729226024480000
279 70936013046169336050681696000
280 99775572448546377592598188800
281 106404019569254004076022544000
282 141872026092338672101363392000
283 156059228701572539311499731200
284 195074035876965674139374664000
285 212808039138508008152045088000
286 283744052184677344202726784000
287 312118457403145078622999462400
288 390148071753931348278749328000
289 468177686104717617934499193600
290 585222107630897022418123992000
291 744828136984778028532157808000
292 780296143507862696557498656000
293 1170444215261794044836247984000
294 1560592287015725393114997312000
295 2028769973120443011049496505600
296 2340888430523588089672495968000
297 3121184574031450786229994624000
298 3511332645785382134508743952000
299 3901480717539313482787493280000
300 4681776861047176179344991936000
301 6086309919361329033148489516800
302 7022665291570764269017487904000
303 7129069311140018273093510448000
304 9363553722094352358689983872000
305 9505425748186691030791347264000
306 10143849865602215055247482528000
307 13069960403756700167338102488000
308 14258138622280036546187020896000
309 19010851496373382061582694528000
310 20287699731204430110494965056000
311 26139920807513400334676204976000
312 30431549596806645165742447584000
313 39209881211270100502014307464000
314 49903485177980127911654573136000
315 52279841615026800669352409952000
316 78419762422540201004028614928000
317 104559683230053601338704819904000
318 135927588199069681740316265875200
319 156839524845080402008057229856000
320 209119366460107202677409639808000
321 235259287267620603012085844784000
322 261399208075134003346762049760000
323 313679049690160804016114459712000
324 407782764597209045220948797625600
325 470518574535241206024171689568000
326 506163921090941297389639241808000
327 627358099380321608032228919424000
328 674885228121255063186185655744000
329 679637940995348408701581329376000
330 927967188666725711881005276648000
331 1012327842181882594779278483616000
332 1349770456242510126372371311488000
333 1359275881990696817403162658752000
334 1855934377333451423762010553296000
335 2038913822986045226104743988128000
336 2718551763981393634806325317504000
337 2783901566000177135643015829944000
338 3398189704976742043507906646880000
339 3543147447636589081727474692656000
340 3711868754666902847524021106592000
341 5567803132000354271286031659888000
342 7423737509333805695048042213184000
343 9650858762133947403562454877139200
344 11135606264000708542572063319776000
345 14847475018667611390096084426368000
346 16703409396001062813858094979664000
347 18559343773334514237620105532960000
348 22271212528001417085144126639552000
349 28952576286401842210687364631417600
350 33406818792002125627716189959328000
351 36949966239638714709443664651984000
352 44542425056002834170288253279104000
353 48254293810669737017812274385696000
354 66813637584004251255432379918656000
355 72381440716004605526718411578544000
356 96508587621339474035624548771392000
357 133627275168008502510864759837312000
358 135483209545341953934626770390608000
359 144762881432009211053436823157088000
360 193017175242678948071249097542784000
361 203224814318012930901940155585912000
362 241271469053348685089061371928480000
363 258649763677471002966105652563888000
364 270966419090683907869253540781216000
365 406449628636025861803880311171824000
366 541932838181367815738507081562432000
367 704512689635778160460059206031161600
368 812899257272051723607760622343648000
369 1083865676362735631477014163124864000
370 1219348885908077585411640933515472000
371 1354832095453419539346267703906080000
372 1625798514544103447215521244687296000
373 2113538068907334481380177618093484800
374 2438697771816155170823281867030944000
375 2845147400452181032627162178202768000
376 3251597029088206894431042489374592000
377 3522563448178890802300296030155808000
378 4877395543632310341646563734061888000
379 5283845172268336203450444045233712000
380 7045126896357781604600592060311616000
381 9754791087264620683293127468123776000
382 10567690344536672406900888090467424000
383 14090253792715563209201184120623232000
384 15851535516805008610351332135701136000
385 17612817240894454011501480150779040000
386 20433331330520209234322346552547152000
387 21135380689073344813801776180934848000
388 31703071033610017220702664271402272000
389 32109520662246043082506544582574096000
390 42270761378146689627603552361869696000
391 42812694216328057443342059443432128000
392 52838451722683362034504440452337120000
393 63406142067220034441405328542804544000
394 64219041324492086165013089165148192000
395 85625388432656114886684118886864256000
396 96328561986738129247519633747722288000
397 105676903445366724069008880904674240000
398 126812284134440068882810657085609088000
399 128438082648984172330026178330296384000
400 166969507443679424029034031829385299200
401 192657123973476258495039267495444576000
402 224766644635722301577545812078018672000
403 256876165297968344660052356660592768000
404 278282512406132373381723386382308832000
405 385314247946952516990078534990889152000
406 417423768609198560072585079573463248000
407 556565024812264746763446772764617664000
408 770628495893905033980157069981778304000
409 834847537218397120145170159146926496000
410 1113130049624529493526893545529235328000
411 1252271305827595680217755238720389744000
412 1391412562030661866908616931911544160000
413 1669695074436794240290340318293852992000
414 2504542611655191360435510477440779488000
415 2665090214966421575848043200353649968000
416 3339390148873588480580680636587705984000
417 3553453619955228767797390933804866624000
418 4174237686091985600725850795734632480000
419 5009085223310382720871020954881558976000
420 5330180429932843151696086400707299936000
421 7106907239910457535594781867609733248000
422 7995270644899264727544129601060949904000
423 8348475372183971201451701591469264960000
424 10018170446620765441742041909763117952000
425 10660360859865686303392172801414599872000
426 13858469117825392194409824641838979833600
427 15990541289798529455088259202121899808000
428 18655631504764951030936302402475549776000
429 21320721719731372606784345602829199744000
430 23097448529708986990683041069731633056000
431 31981082579597058910176518404243799616000
432 34646172794563480486024561604597449584000
433 46194897059417973981366082139463266112000
434 63962165159194117820353036808487599232000
435 69292345589126960972049123209194899168000
436 92389794118835947962732164278926532224000
437 103938518383690441458073684813792348752000
438 115487242648544934953415205348658165280000
439 138584691178253921944098246418389798336000
440 207877036767380882916147369627584697504000
441 237193029132011520250475844831474847152000
442 277169382356507843888196492836779596672000
443 316257372176015360333967793108633129536000
444 346461727945634804860245616045974495840000
445 415754073534761765832294739255169395008000
446 474386058264023040500951689662949694304000
447 632514744352030720667935586217266259072000
448 692923455891269609720491232091948991680000
449 831508147069523531664589478510338790016000
450 948772116528046081001903379325899388608000
451 1177969875015158336524835094556313285856000
452 1385846911782539219440982464183897983360000
453 1423158174792069121502855068988849082912000
454 1660351203924080641753330913820323930064000
455 1897544233056092162003806758651798777216000
456 2055672919144099842170790655206115341984000
457 2846316349584138243005710137977698165824000
458 3083509378716149763256185982809173012976000
459 4111345838288199684341581310412230683968000
460 5692632699168276486011420275955396331648000
461 6167018757432299526512371965618346025952000
462 8222691676576399368683162620824461367936000
463 9250528136148449289768557948427519038928000
464 10278364595720499210853953276030576709920000
465 12334037514864599053024743931236692051904000
466 18501056272296898579537115896855038077856000
467 21584565651013048342793301879664211090832000
468 24668075029729198106049487862473384103808000
469 28779420868017397790391069172885614787776000
470 30835093787161497632561859828091730129760000
471 37002112544593797159074231793710076155712000
472 43169131302026096685586603759328422181664000
473 57558841736034795580782138345771229575552000
474 61670187574322995265123719656183460259520000
475 74004225089187594318148463587420152311424000
476 86338262604052193371173207518656844363328000
477 104839318876349091950710323415511882441184000
478 123340375148645990530247439312366920519040000
479 129507393906078290056759811277985266544992000
480 161054066780635822250073098640571421216208000
481 172676525208104386742346415037313688726656000
482 199400273156977684690566693554993188172448000
483 259014787812156580113519622555970533089984000
484 299100409735466527035850040332489782258672000
485 370021125445937971590742317937100761557120000
486 398800546313955369381133387109986376344896000
487 518029575624313160227039245111941066179968000
488 598200819470933054071700080664979564517344000
489 797601092627910738762266774219972752689792000
490 897301229206399581107550120997469346776016000
491 997001365784888423452833467774965940862240000
492 1196401638941866108143400161329959129034688000
493 1794602458412799162215100241994938693552032000
494 2093702868148265689250950282327428475810704000
495 2392803277883732216286800322659918258069376000
496 2791603824197687585667933709769904634414272000
497 2991004097354665270358500403324897822586720000
498 3589204916825598324430200483989877387104064000
499 4187405736296531378501900564654856951621408000
500 5583207648395375171335867419539809268828544000
501 5982008194709330540717000806649795645173440000
502 7178409833651196648860400967979754774208128000
503 8374811472593062757003801129309713903242816000
504 10169413931005861919218901371304652596794848000
505 11964016389418661081434001613299591290346880000
506 12562217208889594135505701693964570854864224000
507 16266460744844218047257382962697713542837008000
508 16749622945186125514007602258619427806485632000
509 20139427588854746153747236049054312005417248000
510 25124434417779188271011403387929141709728448000
511 30209141383282119230620854073581468008125872000
512 35892049168255983244302004839898773871040640000
513 40278855177709492307494472098108624010834496000
514 50248868835558376542022806775858283419456896000
515 60418282766564238461241708147162936016251744000
516 80557710355418984614988944196217248021668992000
517 90627424149846357691862562220744404024377616000
518 100697137944273730768736180245271560027086240000
519 120836565533128476922483416294325872032503488000
520 181254848299692715383725124441488808048755232000
521 211463989682974834614345978515070276056881104000
522 241673131066256953844966832588651744065006976000
523 281951986243966446152461304686760368075841472000
524 302091413832821192306208540735814680081258720000
525 362509696599385430767450248882977616097510464000
526 422927979365949669228691957030140552113762208000
527 563903972487932892304922609373520736151682944000
528 604182827665642384612417081471629360162517440000
529 725019393198770861534900497765955232195020928000
530 845855958731899338457383914060281104227524416000
531 1027110807031592053841109038501769912276279648000
532 1208365655331284769224834162943258720325034880000
533 1268783938097849007686075871090421656341286624000
534 1675445456718954458867510445157864494912211824000
535 1691711917463798676914767828120562208455048832000
536 2054221614063184107682218077003539824552559296000
537 2537567876195698015372151742180843312682573248000
538 3081332421094776161523327115505309736828838944000
539 3111541562478058280753947969578891204836964816000
540 3625096965993854307674502488829776160975104640000
541 4108443228126368215364436154007079649105118592000
542 4148722083304077707671930626105188273115953088000
543 5075135752391396030744303484361686625365146496000
544 6162664842189552323046654231010619473657677888000
545 6223083124956116561507895939157782409673929632000
546 8297444166608155415343861252210376546231906176000
547 9334624687434174842261843908736673614510894448000
548 10271108070315920538411090385017699122762796480000
549 12325329684379104646093308462021238947315355776000
550 12446166249912233123015791878315564819347859264000
551 18669249374868349684523687817473347229021788896000
552 21780790937346407965277635787052238433858753712000
553 24892332499824466246031583756631129638695718528000
554 29041054583128543953703514382736317911811671616000
555 31115415624780582807539479695788912048369648160000
556 37338498749736699369047375634946694458043577792000
557 43561581874692815930555271574104476867717507424000
558 58082109166257087907407028765472635823623343232000
559 62230831249561165615078959391577824096739296320000
560 74676997499473398738094751269893388916087155584000
561 87123163749385631861110543148208953735435014848000
562 105792413124253981545634230965682300964456803744000
563 124461662499122331230157918783155648193478592640000
564 130684745624078447791665814722313430603152522272000
565 174246327498771263722221086296417907470870029696000
566 211584826248507963091268461931364601928913607488000
567 261369491248156895583331629444626861206305044544000
568 317377239372761944636902692897046902893370411232000
569 332934947185152236040672432744941358917555235312000
570 373384987497366993690473756349466944580435777920000
571 423169652497015926182536923862729203857827214976000
572 435615818746928159305552715741044768677175074240000
573 522738982496313791166663258889253722412610089088000
574 634754478745523889273805385794093805786740822464000
575 665869894370304472081344865489882717835110470624000
576 871231637493856318611105431482089537354350148480000
577 998804841555456708122017298234824076752665705936000
578 1057924131242539815456342309656823009644568037440000
579 1269508957491047778547610771588187611573481644928000
580 1306847456240784477916658147223134306031525222720000
581 1331739788740608944162689730979765435670220941248000
582 1997609683110913416244034596469648153505331411872000
583 2330544630296065652284707029214589512422886647184000
584 2613694912481568955833316294446268612063050445440000
585 2663479577481217888325379461959530871340441882496000
586 3107392840394754203046276038952786016563848862912000
587 3329349471851522360406724327449413589175552353120000
588 3995219366221826832488069192939296307010662823744000
589 4661089260592131304569414058429179024845773294368000
590 6214785680789508406092552077905572033127697725824000
591 6658698943703044720813448654898827178351104706240000
592 7990438732443653664976138385878592614021325647488000
593 9322178521184262609138828116858358049691546588736000
594 11319788204295176025382862713328006203196878000608000
595 13317397887406089441626897309797654356702209412480000
596 13983267781776393913708242175287537074537319883104000
597 18644357042368525218277656233716716099383093177472000
598 22639576408590352050765725426656012406393756001216000
599 27966535563552787827416484350575074149074639766208000
600 33959364612885528076148588139984018609590634001824000
601 36289909243181593728433295169198608122013520649008000
602 39952193662218268324880691929392963070106628237440000
603 45279152817180704101531450853312024812787512002432000
604 46610892605921313045694140584291790248457732943680000
605 55933071127105575654832968701150148298149279532416000
606 67918729225771056152297176279968037219181268003648000
607 72579818486363187456866590338397216244027041298016000
608 93221785211842626091388281168583580496915465887360000
609 108869727729544781185299885507595824366040561947024000
610 113197882042951760253828627133280062031968780006080000
611 135837458451542112304594352559936074438362536007296000
612 139832677817763939137082421752875370745373198831040000
613 145159636972726374913733180676794432488054082596032000
614 215075975881608344482274391553232117860740682011552000
615 217739455459089562370599771015191648732081123894048000
616 254029364702271156099033066184390256854094644543056000
617 279665355635527878274164843505750741490746397662080000
618 290319273945452749827466361353588864976108165192064000
619 338705819603028208132044088245853675805459526057408000
620 362899092431815937284332951691986081220135206490080000
621 435478910918179124741199542030383297464162247788096000
622 508058729404542312198066132368780513708189289086112000
623 677411639206056416264088176491707351610919052114816000
624 725798184863631874568665903383972162440270412980160000
625 870957821836358249482399084060766594928324495576192000
626 1016117458809084624396132264737561027416378578172224000
627 1233856914268174186766732035752752676148459702066272000
628 1451596369727263749137331806767944324880540825960320000
629 1524176188213626936594198397106341541124567867258336000
630 2032234917618169248792264529475122054832757156344448000
631 2467713828536348373533464071505505352296919404132544000
632 3048352376427253873188396794212683082249135734516672000
633 3701570742804522560300196107258258028445379106198816000
634 4064469835236338497584529058950244109665514312688896000
635 4354789109181791247411995420303832974641622477880960000
636 4935427657072696747066928143011010704593838808265088000
637 5080587294045423121980661323687805137081892890861120000
638 6096704752854507746376793588425366164498271469033344000
639 7403141485609045120600392214516516056890758212397632000
640 8201519488959040182625924708238885435575055666675808000
641 10161174588090846243961322647375610274163785781722240000
642 12193409505709015492753587176850732328996542938066688000
643 12338569142681741867667320357527526761484597020662720000
644 14806282971218090241200784429033032113781516424795264000
645 15241761882136269365941983971063415411245678672583360000
646 16403038977918080365251849416477770871150111333351616000
647 23443281371095309548567908679302300846820734339259168000
648 24604558466877120547877774124716656306725167000027424000
649 28705318211356640639190736478836099024512694833365328000
650 30483523764272538731883967942126830822491357345166720000
651 32806077955836160730503698832955541742300222666703232000
652 38273757615142187518920981971781465366016926444487104000
653 41007597444795200913129623541194427177875278333379040000
654 49209116933754241095755548249433312613450334000054848000
655 57410636422713281278381472957672198049025389666730656000
656 74031414856090451206003922145165160568907582123976320000
657 76547515230284375037841963943562930732033852888974208000
658 82015194889590401826259247082388854355750556666758080000
659 98418233867508482191511096498866625226900668000109696000
660 114821272845426562556762945915344396098050779333461312000
661 139425831312303683104640720040061052404775946333488736000
662 164030389779180803652518494164777708711501113333516160000
663 172231909268139843835144418873016594147076169000191968000
664 229642545690853125113525891830688792196101558666922624000
665 278851662624607366209281440080122104809551892666977472000
666 344463818536279687670288837746033188294152338000383936000
667 418277493936911049313922160120183157214327839000466208000
668 459285091381706250227051783661377584392203117333845248000
669 492091169337542410957555482494333126134503340000548480000
670 557703325249214732418562880160244209619103785333954944000
671 574106364227132812783814729576721980490253896667306560000
672 688927637072559375340577675492066376588304676000767872000
673 836554987873822098627844320240366314428655678000932416000
674 975980819186125781732485040280427366833431624334421152000
675 1148212728454265625567629459153443960980507793334613120000
676 1377855274145118750681155350984132753176609352001535744000
677 1394258313123036831046407200400610524047759463334887360000
678 1673109975747644197255688640480732628857311356001864832000
679 1722319092681398438351444188730165941470761690001919680000
680 1951961638372251563464970080560854733666863248668842304000
681 2649090794933769978988173680761159995690742980336285984000
682 2788516626246073662092814400801221048095518926669774720000
683 2927942457558377345197455120841282100500294873003263456000
684 3444638185362796876702888377460331882941523380003839360000
685 3903923276744503126929940161121709467333726497337684608000
686 4860767217123057814902964710416246101484149658449862208000
687 4879904095930628908662425201402136834167158121672105760000
688 5855884915116754690394910241682564201000589746006526912000
689 7291150825684586722354447065624369152226224487674793312000
690 8365549878738220986278443202403663144286556780009324160000
691 9721534434246115629805929420832492202968299316899724416000
692 9759808191861257817324850402804273668334316243344211520000
693 11711769830233509380789820483365128402001179492013053824000
694 14582301651369173444708894131248738304452448975349586624000
695 17707080576662567754289371445087753655406545184353069472000
696 19519616383722515634649700805608547336668632486688423040000
697 21873452477053760167063341196873107456678673463024379936000
698 26490907949337699789881736807611599956907429803362859840000
699 29164603302738346889417788262497476608904897950699173248000
700 35414161153325135508578742890175507310813090368706138944000
701 43746904954107520334126682393746214913357346926048759872000
702 53121241729987703262868114335263260966219635553059208416000
703 58329206605476693778835576524994953217809795901398346496000
704 58558849151167546903949102416825642010005897460065269120000
705 70828322306650271017157485780351014621626180737412277888000
706 72911508256845867223544470656243691522262244876747933120000
707 87493809908215040668253364787492429826714693852097519744000
708 106242483459975406525736228670526521932439271106118416832000
709 123949564036637974280025600115614275587845816290471486304000
710 145823016513691734447088941312487383044524489753495866240000
711 174987619816430081336506729574984859653429387704195039488000
712 177070805766625677542893714450877536554065451843530694720000
713 212484966919950813051472457341053043864878542212236833664000
714 218734524770537601670633411968731074566786734630243799360000
715 247899128073275948560051200231228551175691632580942972608000
716 336434530956588787331498057456667319452724358502708319968000
717 354141611533251355085787428901755073108130903687061389440000
718 371848692109913922840076800346842826763537448871414458912000
719 437469049541075203341266823937462149133573469260487598720000
720 495798256146551897120102400462457102351383265161885945216000
721 619747820183189871400128000578071377939229081452357431520000
722 743697384219827845680153600693685653527074897742828917824000
723 955140758164680860628432565596792358941635407885397923872000
724 1062424834599754065257362286705265219324392711061184168320000
725 1239495640366379742800256001156142755878458162904714863040000
726 1487394768439655691360307201387371307054149795485657835648000
727 1859243460549569614200384001734214133817687244357072294560000
728 1910281516329361721256865131193584717883270815770795847744000
729 2319627555542796375811907659306495728858257419150252100832000
730 2478991280732759485600512002312285511756916325809429726080000
731 2865422274494042581885297696790377076824906223656193771616000
732 3364345309565887873314980574566673194527243585027083199680000
733 3718486921099139228400768003468428267635374488714144589120000
734 3820563032658723442513730262387169435766541631541591695488000
735 4639255111085592751623815318612991457716514838300504201664000
736 5730844548988085163770595393580754153649812447312387543232000
737 6958882666628389127435722977919487186574772257450756302496000
738 7436973842198278456801536006936856535270748977428289178240000
739 9278510222171185503247630637225982915433029676601008403328000
740 9551407581646808606284325655967923589416354078853979238720000
741 11461689097976170327541190787161508307299624894624775086464000
742 13917765333256778254871445955838974373149544514901512604992000
743 16237392888799574630683353615145470102007801934051764705824000
744 19102815163293617212568651311935847178832708157707958477440000
745 22923378195952340655082381574323016614599249789249550172928000
746 23196275555427963758119076593064957288582574191502521008320000
747 27835530666513556509742891911677948746299089029803025209984000
748 28654222744940425818852976967903770768249062236561937716160000
749 32474785777599149261366707230290940204015603868103529411648000
750 44072923555313131140426245526823418848306890963854789915808000
751 46392551110855927516238153186129914577165148383005042016640000
752 48712178666398723892050060845436410306023405802155294117472000
753 57308445489880851637705953935807541536498124473123875432320000
754 64949571555198298522733414460581880408031207736207058823296000
755 81186964443997873153416768075727350510039009670258823529120000
756 97424357332797447784100121690872820612046811604310588234944000
757 129899143110396597045466828921163760816062415472414117646592000
758 139177653332567782548714459558389743731495445149015126049920000
759 162373928887995746306833536151454701020078019340517647058240000
760 194848714665594895568200243381745641224093623208621176469888000
761 243560893331993619460250304227182051530117029010776470587360000
762 261708567737122555812190522973521106350008101760599031140928000
763 308510464887191917982983718687763931938148236746983529410656000
764 324747857775991492613667072302909402040156038681035294116480000
765 389697429331189791136400486763491282448187246417242352939776000
766 440729235553131311404262455268234188483068909638547899158080000
767 487121786663987238920500608454364103060234058021552941174720000
768 523417135474245111624381045947042212700016203521198062281856000
769 617020929774383835965967437375527863876296473493967058821312000
770 779394858662379582272800973526982564896374492834484705879552000
771 785125703211367667436571568920563319050024305281797093422784000
772 925531394661575753948951156063291795814444710240950588231968000
773 974243573327974477841001216908728206120468116043105882349440000
774 1234041859548767671931934874751055727752592946987934117642624000
775 1308542838685612779060952614867605531750040508802995155704640000
776 1542552324435959589914918593438819659690741183734917647053280000
777 1570251406422735334873143137841126638100048610563594186845568000
778 1851062789323151507897902312126583591628889420481901176463936000
779 2224522825765541724403619445274929403975068864965091764697888000
780 2617085677371225558121905229735211063500081017605990311409280000
781 3085104648871919179829837186877639319381482367469835294106560000
782 3702125578646303015795804624253167183257778840963802352927872000
783 3925628516056838337182857844602816595250121526408985467113920000
784 4449045651531083448807238890549858807950137729930183529395776000
785 6037990527077898966238395637174808382218044062048106218465696000
786 6170209297743838359659674373755278638762964734939670588213120000
787 6673568477296625173210858335824788211925206594895275294093664000
788 7851257032113676674365715689205633190500243052817970934227840000
789 8898091303062166897614477781099717615900275459860367058791552000
790 11122614128827708622018097226374647019875344324825458823489440000
791 13347136954593250346421716671649576423850413189790550588187328000
792 17796182606124333795228955562199435231800550919720734117583104000
793 18510627893231515078979023121265835916288894204819011764639360000
794 22245228257655417244036194452749294039750688649650917646978880000
795 26694273909186500692843433343299152847700826379581101176374656000
796 33367842386483125866054291679123941059626032974476376470468320000
797 36377490915460035257894482693319433782651126144723265328588992000
798 42265933689545292763668769460223658675526308434336743529259872000
799 44490456515310834488072388905498588079501377299301835293957760000
800 53388547818373001385686866686598305695401652759162202352749312000
801 60379905270778989662383956371748083822180440620481062184656960000
802 66735684772966251732108583358247882119252065948952752940936640000
803 72754981830920070515788965386638867565302252289446530657177984000
804 84531867379090585527337538920447317351052616868673487058519744000
805 106777095636746002771373733373196611390803305518324404705498624000
806 109132472746380105773683448079958301347953378434169795985766976000
807 126797801068635878291006308380670976026578925303010230587779616000
808 133471369545932503464217166716495764238504131897905505881873280000
809 169063734758181171054675077840894634702105233737346974117039488000
810 181887454577300176289472413466597168913255630723616326642944960000
811 211329668447726463818343847301118293377631542171683717646299360000
812 218264945492760211547366896159916602695906756868339591971533952000
813 253595602137271756582012616761341952053157850606020461175559232000
814 309208672781410299692103102893215187152534572230147755293006432000
815 362279431624673937974303738230488502933082643722886373107941760000
816 363774909154600352578944826933194337826511261447232653285889920000
817 422659336895452927636687694602236586755263084343367435292598720000
818 507191204274543513164025233522683904106315701212040922351118464000
819 545662363731900528868417240399791506739766892170848979928834880000
820 618417345562820599384206205786430374305069144460295510586012864000
821 839280683263827956307136993567298365128308124624686764366731744000
822 845318673790905855273375389204473173510526168686734870585197440000
823 927626018344230899076309308679645561457603716690443265879019296000
824 1091324727463801057736834480799583013479533784341697959857669760000
825 1236834691125641198768412411572860748610138288920591021172025728000
826 1546043363907051498460515514466075935762672861150738776465032160000
827 1855252036688461798152618617359291122915207433380886531758038592000
828 2473669382251282397536824823145721497220276577841182042344051456000
829 2535956021372717565820126167613419520531578506060204611755592320000
830 3092086727814102996921031028932151871525345722301477552930064320000
831 3710504073376923596305237234718582245830414866761773063516077184000
832 4638130091721154495381546543398227807288018583452216329395096480000
833 5420246146403545253426277921304595633615017795563766533959759808000
834 5874964782846795694149958954971088555898156872372807350567122208000
835 6184173455628205993842062057864303743050691444602955105860128640000
836 7421008146753847192610474469437164491660829733523546127032154368000
837 8392806832638279563071369935672983651283081246246867643667317440000
838 9276260183442308990763093086796455614576037166904432658790192960000
839 10840492292807090506852555842609191267230035591127533067919519616000
840 11749929565693591388299917909942177111796313744745614701134244416000
841 14842016293507694385220948938874328983321659467047092254064308736000
842 16260738439210635760278833763913786900845053386691299601879279424000
843 17624894348540387082449876864913265667694470617118422051701366624000
844 18552520366884617981526186173592911229152074333808865317580385920000
845 23499859131387182776599835819884354223592627489491229402268488832000
846 27101230732017726267131389606522978168075088977818832669798799040000
847 29374823914233978470749794774855442779490784361864036752835611040000
848 32521476878421271520557667527827573801690106773382599203758558848000
849 35249788697080774164899753729826531335388941234236844103402733248000
850 46072092244430134654123362331089062885727651262292015538657958368000
851 50356840995829677378428219614037901907698487477481205862003904640000
852 54202461464035452534262779213045956336150177955637665339597598080000
853 58749647828467956941499589549710885558981568723728073505671222080000
854 70499577394161548329799507459653062670777882468473688206805466496000
855 81303692196053178801394168819568934504225266933456498009396397120000
856 88124471742701935412249384324566328338472353085592110258506833120000
857 92144184488860269308246724662178125771455302524584031077315916736000
858 117499295656935913882999179099421771117963137447456147011342444160000
859 138216276733290403962370086993267188657182953786876046615973875104000
860 162607384392106357602788337639137869008450533866912996018792794240000
861 176248943485403870824498768649132656676944706171184220517013666240000
862 184288368977720538616493449324356251542910605049168062154631833472000
863 230360461222150673270616811655445314428638256311460077693289791840000
864 276432553466580807924740173986534377314365907573752093231947750208000
865 352497886970807741648997537298265313353889412342368441034027332480000
866 460720922444301346541233623310890628857276512622920155386579583680000
867 552865106933161615849480347973068754628731815147504186463895500416000
868 691081383666452019811850434966335943285914768934380233079869375520000
869 818457168106935333267367966116993940675867687130128746627923731008000
870 875369752644172558428343884290692194828825373983548295234501208992000
871 921441844888602693082467246621781257714553025245840310773159167360000
872 1105730213866323231698960695946137509257463630295008372927791000832000
873 1250528218063103654897634120415274564041179105690783278906430298560000
874 1382162767332904039623700869932671886571829537868760466159738751040000
875 1636914336213870666534735932233987881351735374260257493255847462016000
876 1750739505288345116856687768581384389657650747967096590469002417984000
877 2211460427732646463397921391892275018514927260590016745855582001664000
878 2455371504320805999802103898350981822027603061390386239883771193024000
879 2626109257932517675285031652872076584486476121950644885703503626976000
880 2764325534665808079247401739865343773143659075737520932319477502080000
881 3501479010576690233713375537162768779315301495934193180938004835968000
882 4092285840534676666336839830584969703379338435650643733139618655040000
883 4376848763220862792141719421453460974144126869917741476172506044960000
884 4910743008641611999604207796701963644055206122780772479767542386048000
885 5252218515865035350570063305744153168972952243901289771407007253952000
886 6956885928908950332772627711994448495744875340606094346337351713568000
887 7503169308378621929385804722491647384247074634144699673438581791360000
888 8184571681069353332673679661169939406758676871301287466279237310080000
889 8753697526441725584283438842906921948288253739835482952345012089920000
890 10504437031730070701140126611488306337945904487802579542814014507904000
891 12276857521604029999010519491754909110138015306951931199418855965120000
892 13130546289662588376425158264360382922432380609753224428517518134880000
893 13913771857817900665545255423988896991489750681212188692674703427136000
894 17507395052883451168566877685813843896576507479670965904690024179840000
895 20870657786726850998317883135983345487234626021818283039012055140704000
896 24553715043208059998021038983509818220276030613903862398837711930240000
897 26261092579325176752850316528720765844864761219506448857035036269760000
898 27827543715635801331090510847977793982979501362424377385349406854272000
899 34784429644544751663863138559972242478724376703030471731686758567840000
900 41741315573453701996635766271966690974469252043636566078024110281408000
901 52522185158650353505700633057441531689729522439012897714070072539520000
902 69568859289089503327726277119944484957448753406060943463373517135680000
903 83482631146907403993271532543933381948938504087273132156048220562816000
904 104353288933634254991589415679916727436173130109091415195060275703520000
905 125223946720361105989907298815900072923407756130909698234072330844224000
906 132180832649270056322679926527894521419152631471515792580409682557792000
907 139137718578179006655452554239888969914897506812121886926747034271360000
908 166965262293814807986543065087866763897877008174546264312096441125632000
909 188829760927528651889542752182706459170218044959308275114870975082560000
910 208706577867268509983178831359833454872346260218182830390120551407040000
911 250447893440722211979814597631800145846815512261819396468144661688448000
912 264361665298540112645359853055789042838305262943031585160819365115584000
913 333930524587629615973086130175733527795754016349092528624192882251264000
914 377659521855057303779085504365412918340436089918616550229741950165120000
915 385493326178366541968930312041104146058333680638290639661752077304768000
916 396542497947810168968039779583683564257457894414547377741229047673376000
917 417413155734537019966357662719666909744692520436365660780241102814080000
918 528723330597080225290719706111578085676610525886063170321638730231168000
919 626119733601805529949536494079500364617038780654548491170361654221120000
920 660904163246350281613399632639472607095763157357578962902048412788960000
921 770986652356733083937860624082208292116667361276581279323504154609536000
922 793084995895620337936079559167367128514915788829094755482458095346752000
923 1057446661194160450581439412223156171353221051772126340643277460462336000
924 1132978565565171911337256513096238755021308269755849650689225850495360000
925 1252239467203611059899072988159000729234077561309096982340723308442240000
926 1321808326492700563226799265278945214191526314715157925804096825577920000
927 1586169991791240675872159118334734257029831577658189510964916190693504000
928 1927466630891832709844651560205520730291668403191453198308760386523840000
929 1982712489739050844840198897918417821287289472072736888706145238366880000
930 2184462181677410404490605101566256827663890856950313624749928438060352000
931 2643616652985401126453598530557890428383052629430315851608193651155840000
932 3172339983582481351744318236669468514059663155316379021929832381387008000
933 3854933261783665419689303120411041460583336806382906396617520773047680000
934 3965424979478101689680397795836835642574578944145473777412290476733760000
935 4368924363354820808981210203132513655327781713900627249499856876120704000
936 5287233305970802252907197061115780856766105258860631703216387302311680000
937 6344679967164962703488636473338937028119326310632758043859664762774016000
938 6553386545032231213471815304698770482991672570850940874249785314181056000
939 7930849958956203379360795591673671285149157888290947554824580953467520000
940 10574466611941604505814394122231561713532210517721263406432774604623360000
941 10922310908387052022453025507831284138319454284751568123749642190301760000
942 13106773090064462426943630609397540965983345141701881748499570628362112000
943 15861699917912406758721591183347342570298315776581895109649161906935040000
944 19660159635096693640415445914096311448975017712552822622749355942543168000
945 20752390725935398842660748464879439862806963141027979435124320161573344000
946 21844621816774104044906051015662568276638908569503136247499284380603520000
947 26213546180128924853887261218795081931966690283403763496999141256724224000
948 29646272465621998346658212092684914089724233058611399193034743087961920000
949 31723399835824813517443182366694685140596631553163790219298323813870080000
950 32766932725161156067359076523493852414958362854254704371248926570905280000
951 39320319270193387280830891828192622897950035425105645245498711885086336000
952 41504781451870797685321496929758879725613926282055958870248640323146688000
953 52427092360257849707774522437590163863933380566807526993998282513448448000
954 59292544931243996693316424185369828179448466117222798386069486175923840000
955 62257172177806196527982245394638319588420889423083938305372960484720032000
956 65533865450322312134718153046987704829916725708509408742497853141810560000
957 83009562903741595370642993859517759451227852564111917740497280646293376000
958 98300798175483468202077229570481557244875088562764113113746779712715840000
959 103761953629676994213303742324397199314034815705139897175621600807866720000
960 124514344355612393055964490789276639176841778846167876610745920969440064000
961 166019125807483190741285987719035518902455705128223835480994561292586752000
962 177877634793731990079949272556109484538345398351668395158208458527771520000
963 196601596350966936404154459140963114489750177125528226227493559425431680000
964 207523907259353988426607484648794398628069631410279794351243201615733440000
965 249028688711224786111928981578553278353683557692335753221491841938880128000
966 311285860889030982639911226973191597942104447115419691526864802423600160000
967 356067335613417895931968631555299862909214209682901120834238335403837376000
968 415047814518707976853214969297588797256139262820559588702486403231466880000
969 498057377422449572223857963157106556707367115384671506442983683877760256000
970 622571721778061965279822453946383195884208894230839383053729604847200320000
971 712134671226835791863937263110599725818428419365802241668476670807674752000
972 830095629037415953706429938595177594512278525641119177404972806462933760000
973 996114754844899144447715926314213113414734230769343012885967367755520512000
974 1068202006840253687795905894665899588727642629048703362502715006211512128000
975 1245143443556123930559644907892766391768417788461678766107459209694400640000
976 1660191258074831907412859877190355189024557051282238354809945612925867520000
977 1780336678067089479659843157776499314546071048414505604171191677019186880000
978 2136404013680507375591811789331799177455285258097406725005430012423024256000
979 2490286887112247861119289815785532783536835576923357532214918419388801280000
980 3204606020520761063387717683997698766182927887146110087508145018634536384000
981 3382639688327470011353701999775348697637534991987560647925264186336455072000
982 3560673356134178959319686315552998629092142096829011208342383354038373760000
983 4272808027361014751183623578663598354910570516194813450010860024846048512000
984 4773049866965141733811972146922271168445601522436435270078593637161869120000
985 4980573774224495722238579631571065567073671153846715064429836838777602560000
986 5341010034201268438979529473329497943638213145243516812513575031057560640000
987 6409212041041522126775435367995397532365855774292220175016290037269072768000
988 6765279376654940022707403999550697395275069983975121295850528372672910144000
989 8545616054722029502367247157327196709821141032389626900021720049692097024000
990 9546099733930283467623944293844542336891203044872870540157187274323738240000
991 10147919064982410034061105999326046092912604975962681943775792559009365216000
992 10682020068402536877959058946658995887276426290487033625027150062115121280000
993 13530558753309880045414807999101394790550139967950242591701056745345820288000
994 16023030102603805316938588419988493830914639435730550437540725093172681920000
995 16913198441637350056768509998876743488187674959937803239626320931682275360000
996 20295838129964820068122211998652092185825209951925363887551585118018730432000
997 27061117506619760090829615998202789581100279935900485183402113490691640576000
998 28638299201790850402871832881533627010673609134618611620471561822971214720000
999 32046060205207610633877176839976987661829278871461100875081450186345363840000
1000 33826396883274700113537019997753486976375349919875606479252641863364550720000